0.015873 0.396825 0.825397 0.841270 0.650794 0.444444 0.666667
0.206349 0.396825 0.825397 0.841270 0.650794 0.444444 0.666667
0.015873 0.746032 0.825397 0.841270 0.650794 0.444444 0.666667
0.015873 0.396825 0.111111 0.841270 0.650794 0.444444 0.666667
0.015873 0.396825 0.825397 0.952381 0.650794 0.444444 0.666667
0.015873 0.396825 0.825397 0.841270 0.222222 0.444444 0.666667
0.015873 0.396825 0.825397 0.841270 0.650794 0.428571 0.666667
0.015873 0.396825 0.825397 0.841270 0.650794 0.444444 0.523810
0.015873 0.746032 0.111111 0.952381 0.222222 0.428571 0.523810
0.206349 0.746032 0.825397 0.952381 0.222222 0.428571 0.523810
0.206349 0.746032 0.111111 0.841270 0.222222 0.428571 0.523810
0.206349 0.746032 0.111111 0.952381 0.650794 0.428571 0.523810
0.206349 0.746032 0.111111 0.952381 0.222222 0.444444 0.523810
0.523810 0.904762 0.317460 0.333333 0.142857 0.952381 0.158730
0.714286 0.904762 0.317460 0.333333 0.142857 0.952381 0.158730
0.523810 0.238095 0.317460 0.333333 0.142857 0.952381 0.158730
0.523810 0.904762 0.619048 0.333333 0.142857 0.952381 0.158730
0.523810 0.904762 0.317460 0.444444 0.142857 0.952381 0.158730
0.523810 0.904762 0.317460 0.333333 0.730159 0.952381 0.158730
0.523810 0.904762 0.317460 0.333333 0.142857 0.936508 0.158730
0.523810 0.904762 0.317460 0.333333 0.142857 0.952381 0.015873
0.714286 0.904762 0.619048 0.444444 0.730159 0.936508 0.015873
0.714286 0.238095 0.619048 0.333333 0.730159 0.936508 0.015873
0.714286 0.238095 0.619048 0.444444 0.730159 0.952381 0.015873
0.714286 0.238095 0.619048 0.444444 0.730159 0.936508 0.158730
0.714286 0.238095 0.619048 0.444444 0.730159 0.936508 0.015873
0.777778 0.142857 0.571429 0.587302 0.396825 0.698413 0.920635
0.968254 0.142857 0.571429 0.587302 0.396825 0.698413 0.920635
0.777778 0.142857 0.873016 0.587302 0.396825 0.698413 0.920635
0.777778 0.142857 0.571429 0.190476 0.396825 0.698413 0.920635
0.777778 0.142857 0.571429 0.587302 0.984127 0.698413 0.920635
0.777778 0.142857 0.571429 0.587302 0.396825 0.174603 0.920635
0.777778 0.492063 0.873016 0.190476 0.984127 0.174603 0.777778
0.968254 0.142857 0.873016 0.190476 0.984127 0.174603 0.777778
0.968254 0.492063 0.571429 0.190476 0.984127 0.174603 0.777778
0.968254 0.492063 0.873016 0.190476 0.396825 0.174603 0.777778
0.968254 0.492063 0.873016 0.190476 0.984127 0.698413 0.777778
0.968254 0.492063 0.873016 0.190476 0.984127 0.174603 0.920635
0.968254 0.492063 0.873016 0.190476 0.984127 0.174603 0.777778
0.269841 0.650794 0.063492 0.079365 0.904762 0.190476 0.412698
0.460317 0.650794 0.063492 0.079365 0.904762 0.190476 0.412698
0.269841 1.000000 0.063492 0.079365 0.904762 0.190476 0.412698
0.269841 0.650794 0.365079 0.079365 0.904762 0.190476 0.412698
0.269841 0.650794 0.063492 0.698413 0.904762 0.190476 0.412698
0.269841 0.650794 0.063492 0.079365 0.904762 0.682540 0.412698
0.269841 0.650794 0.063492 0.079365 0.904762 0.190476 0.269841
0.269841 1.000000 0.365079 0.698413 0.476190 0.682540 0.269841
0.460317 0.650794 0.365079 0.698413 0.476190 0.682540 0.269841
0.460317 1.000000 0.365079 0.079365 0.476190 0.682540 0.269841
0.460317 1.000000 0.365079 0.698413 0.904762 0.682540 0.269841
0.460317 1.000000 0.365079 0.698413 0.476190 0.190476 0.269841
0.460317 1.000000 0.365079 0.698413 0.476190 0.682540 0.412698
0.460317 1.000000 0.365079 0.698413 0.476190 0.682540 0.269841
0.841270 0.015873 0.444444 0.206349 0.777778 0.317460 0.793651
0.396825 0.365079 0.444444 0.206349 0.777778 0.317460 0.793651
0.396825 0.015873 0.746032 0.206349 0.777778 0.317460 0.793651
0.396825 0.015873 0.444444 0.063492 0.777778 0.317460 0.793651
0.396825 0.015873 0.444444 0.206349 0.777778 0.047619 0.793651
0.396825 0.015873 0.444444 0.206349 0.777778 0.317460 0.142857
0.396825 0.365079 0.746032 0.063492 0.349206 0.047619 0.142857
0.841270 0.015873 0.746032 0.063492 0.349206 0.047619 0.142857
0.841270 0.365079 0.746032 0.206349 0.349206 0.047619 0.142857
0.841270 0.365079 0.746032 0.063492 0.777778 0.047619 0.142857
0.841270 0.365079 0.746032 0.063492 0.349206 0.317460 0.142857
0.841270 0.365079 0.746032 0.063492 0.349206 0.047619 0.793651
0.841270 0.365079 0.746032 0.063492 0.349206 0.047619 0.142857
0.904762 0.523810 0.952381 0.714286 0.269841 0.825397 0.285714
0.333333 0.523810 0.952381 0.714286 0.269841 0.825397 0.285714
0.904762 0.873016 0.952381 0.714286 0.269841 0.825397 0.285714
0.904762 0.523810 0.238095 0.714286 0.269841 0.825397 0.285714
0.904762 0.523810 0.952381 0.714286 0.857143 0.825397 0.285714
0.904762 0.523810 0.952381 0.714286 0.269841 0.555556 0.285714
0.904762 0.873016 0.238095 0.571429 0.857143 0.555556 0.650794
0.333333 0.523810 0.238095 0.571429 0.857143 0.555556 0.650794
0.333333 0.873016 0.952381 0.571429 0.857143 0.555556 0.650794
0.333333 0.873016 0.238095 0.714286 0.857143 0.555556 0.650794
0.333333 0.873016 0.238095 0.571429 0.269841 0.555556 0.650794
0.333333 0.873016 0.238095 0.571429 0.857143 0.825397 0.650794
0.333333 0.873016 0.238095 0.571429 0.857143 0.555556 0.650794
0.650794 0.269841 0.190476 0.460317 0.015873 0.571429 0.539683
0.079365 0.269841 0.190476 0.460317 0.015873 0.571429 0.539683
0.650794 0.269841 0.492063 0.460317 0.015873 0.571429 0.539683
0.650794 0.269841 0.190476 0.825397 0.015873 0.571429 0.539683
0.650794 0.269841 0.190476 0.460317 0.603175 0.571429 0.539683
0.650794 0.269841 0.190476 0.460317 0.015873 0.301587 0.539683
0.650794 0.269841 0.190476 0.460317 0.015873 0.571429 0.396825
0.650794 0.619048 0.492063 0.825397 0.603175 0.301587 0.396825
0.079365 0.269841 0.492063 0.825397 0.603175 0.301587 0.396825
0.079365 0.619048 0.190476 0.825397 0.603175 0.301587 0.396825
0.079365 0.619048 0.492063 0.460317 0.603175 0.301587 0.396825
0.079365 0.619048 0.492063 0.825397 0.015873 0.301587 0.396825
0.079365 0.619048 0.492063 0.825397 0.603175 0.301587 0.539683
0.079365 0.619048 0.492063 0.825397 0.603175 0.301587 0.396825
0.142857 0.777778 0.698413 0.968254 0.523810 0.063492 0.031746
0.587302 0.777778 0.698413 0.968254 0.523810 0.063492 0.031746
0.142857 0.111111 0.698413 0.968254 0.523810 0.063492 0.031746
0.142857 0.777778 1.000000 0.968254 0.523810 0.063492 0.031746
0.142857 0.777778 0.698413 0.317460 0.523810 0.063492 0.031746
0.142857 0.777778 0.698413 0.968254 0.095238 0.063492 0.031746
0.142857 0.777778 0.698413 0.968254 0.523810 0.063492 0.904762
0.142857 0.111111 1.000000 0.317460 0.095238 0.809524 0.904762
0.587302 0.777778 1.000000 0.317460 0.095238 0.809524 0.904762
0.587302 0.111111 0.698413 0.317460 0.095238 0.809524 0.904762
0.587302 0.111111 1.000000 0.968254 0.095238 0.809524 0.904762
0.587302 0.111111 1.000000 0.317460 0.523810 0.809524 0.904762
0.587302 0.111111 1.000000 0.317460 0.095238 0.063492 0.904762
0.587302 0.111111 1.000000 0.317460 0.095238 0.809524 0.031746
0.587302 0.111111 1.000000 0.317460 0.095238 0.809524 0.904762
0.206349 0.206349 0.126984 0.650794 0.206349 0.126984 0.857143
0.777778 0.206349 0.126984 0.650794 0.206349 0.126984 0.857143
0.206349 0.206349 0.301587 0.650794 0.206349 0.126984 0.857143
0.206349 0.206349 0.126984 0.253968 0.206349 0.126984 0.857143
0.206349 0.206349 0.126984 0.650794 0.158730 0.126984 0.857143
0.206349 0.206349 0.126984 0.650794 0.206349 0.619048 0.857143
0.206349 0.206349 0.126984 0.650794 0.206349 0.126984 0.460317
0.206349 0.301587 0.301587 0.253968 0.158730 0.619048 0.460317
0.777778 0.206349 0.301587 0.253968 0.158730 0.619048 0.460317
0.777778 0.301587 0.126984 0.253968 0.158730 0.619048 0.460317
0.777778 0.301587 0.301587 0.253968 0.206349 0.619048 0.460317
0.777778 0.301587 0.301587 0.253968 0.158730 0.126984 0.460317
0.777778 0.301587 0.301587 0.253968 0.158730 0.619048 0.857143
0.777778 0.301587 0.301587 0.253968 0.158730 0.619048 0.460317
0.714286 0.714286 0.634921 0.142857 0.714286 0.634921 0.349206
0.269841 0.714286 0.634921 0.142857 0.714286 0.634921 0.349206
0.714286 0.809524 0.634921 0.142857 0.714286 0.634921 0.349206
0.714286 0.714286 0.809524 0.142857 0.714286 0.634921 0.349206
0.714286 0.714286 0.634921 0.761905 0.714286 0.634921 0.349206
0.714286 0.714286 0.634921 0.142857 0.666667 0.634921 0.349206
0.714286 0.714286 0.634921 0.142857 0.714286 0.111111 0.349206
0.714286 0.714286 0.634921 0.142857 0.714286 0.634921 0.968254
0.714286 0.809524 0.809524 0.761905 0.666667 0.111111 0.968254
0.269841 0.714286 0.809524 0.761905 0.666667 0.111111 0.968254
0.269841 0.809524 0.634921 0.761905 0.666667 0.111111 0.968254
0.269841 0.809524 0.809524 0.761905 0.714286 0.111111 0.968254
0.269841 0.809524 0.809524 0.761905 0.666667 0.634921 0.968254
0.269841 0.809524 0.809524 0.761905 0.666667 0.111111 0.968254
0.968254 0.460317 0.380952 0.904762 0.968254 0.888889 0.603175
0.015873 0.460317 0.380952 0.904762 0.968254 0.888889 0.603175
0.968254 0.555556 0.380952 0.904762 0.968254 0.888889 0.603175
0.968254 0.460317 0.380952 0.507937 0.968254 0.888889 0.603175
0.968254 0.460317 0.380952 0.904762 0.920635 0.888889 0.603175
0.968254 0.460317 0.380952 0.904762 0.968254 0.873016 0.603175
0.968254 0.555556 0.555556 0.507937 0.920635 0.873016 0.206349
0.015873 0.460317 0.555556 0.507937 0.920635 0.873016 0.206349
0.015873 0.555556 0.555556 0.904762 0.920635 0.873016 0.206349
0.015873 0.555556 0.555556 0.507937 0.968254 0.873016 0.206349
0.015873 0.555556 0.555556 0.507937 0.920635 0.888889 0.206349
0.015873 0.555556 0.555556 0.507937 0.920635 0.873016 0.603175
0.015873 0.555556 0.555556 0.507937 0.920635 0.873016 0.206349
0.523810 0.968254 0.888889 0.396825 0.460317 0.380952 0.095238
0.460317 0.047619 0.888889 0.396825 0.460317 0.380952 0.095238
0.460317 0.968254 0.047619 0.396825 0.460317 0.380952 0.095238
0.460317 0.968254 0.888889 0.396825 0.412698 0.380952 0.095238
0.460317 0.968254 0.888889 0.396825 0.460317 0.365079 0.095238
0.460317 0.968254 0.888889 0.396825 0.460317 0.380952 0.714286
0.460317 0.047619 0.047619 0.000000 0.412698 0.365079 0.714286
0.523810 0.968254 0.047619 0.000000 0.412698 0.365079 0.714286
0.523810 0.047619 0.888889 0.000000 0.412698 0.365079 0.714286
0.523810 0.047619 0.047619 0.396825 0.412698 0.365079 0.714286
0.523810 0.047619 0.047619 0.000000 0.460317 0.365079 0.714286
0.523810 0.047619 0.047619 0.000000 0.412698 0.365079 0.095238
0.523810 0.047619 0.047619 0.000000 0.412698 0.365079 0.714286
0.333333 0.333333 0.507937 0.269841 0.333333 0.000000 0.730159
0.142857 0.333333 0.507937 0.269841 0.333333 0.000000 0.730159
0.333333 0.682540 0.507937 0.269841 0.333333 0.000000 0.730159
0.333333 0.333333 0.936508 0.269841 0.333333 0.000000 0.730159
0.333333 0.333333 0.507937 0.269841 0.333333 1.000000 0.730159
0.333333 0.333333 0.507937 0.269841 0.333333 0.000000 0.841270
0.142857 0.333333 0.936508 0.634921 0.285714 1.000000 0.841270
0.142857 0.682540 0.507937 0.634921 0.285714 1.000000 0.841270
0.142857 0.682540 0.936508 0.269841 0.285714 1.000000 0.841270
0.142857 0.682540 0.936508 0.634921 0.333333 1.000000 0.841270
0.142857 0.682540 0.936508 0.634921 0.285714 0.000000 0.841270
0.142857 0.682540 0.936508 0.634921 0.285714 1.000000 0.730159
0.142857 0.682540 0.936508 0.634921 0.285714 1.000000 0.841270
0.841270 0.841270 0.000000 0.777778 0.841270 0.507937 0.222222
0.650794 0.841270 0.000000 0.777778 0.841270 0.507937 0.222222
0.841270 0.174603 0.000000 0.777778 0.841270 0.507937 0.222222
0.841270 0.841270 0.428571 0.777778 0.841270 0.507937 0.222222
0.841270 0.841270 0.000000 0.126984 0.841270 0.507937 0.222222
0.841270 0.841270 0.000000 0.777778 0.793651 0.507937 0.222222
0.841270 0.841270 0.000000 0.777778 0.841270 0.492063 0.222222
0.650794 0.174603 0.000000 0.126984 0.793651 0.492063 0.333333
0.650794 0.174603 0.428571 0.777778 0.793651 0.492063 0.333333
0.650794 0.174603 0.428571 0.126984 0.841270 0.492063 0.333333
0.650794 0.174603 0.428571 0.126984 0.793651 0.492063 0.222222
0.650794 0.174603 0.428571 0.126984 0.793651 0.492063 0.333333
0.904762 0.079365 0.761905 0.015873 0.587302 0.761905 0.984127
0.587302 0.079365 0.174603 0.015873 0.587302 0.761905 0.984127
0.587302 0.079365 0.761905 0.380952 0.587302 0.761905 0.984127
0.587302 0.079365 0.761905 0.015873 0.587302 0.746032 0.984127
0.587302 0.079365 0.761905 0.015873 0.587302 0.761905 0.587302
0.587302 0.428571 0.174603 0.380952 0.539683 0.746032 0.587302
0.904762 0.079365 0.174603 0.380952 0.539683 0.746032 0.587302
0.904762 0.428571 0.761905 0.380952 0.539683 0.746032 0.587302
0.904762 0.428571 0.174603 0.015873 0.539683 0.746032 0.587302
0.904762 0.428571 0.174603 0.380952 0.587302 0.746032 0.587302
0.904762 0.428571 0.174603 0.380952 0.539683 0.761905 0.587302
0.904762 0.428571 0.174603 0.380952 0.539683 0.746032 0.984127
0.904762 0.428571 0.174603 0.380952 0.539683 0.746032 0.587302
0.079365 0.587302 0.253968 0.523810 0.079365 0.253968 0.476190
0.396825 0.587302 0.253968 0.523810 0.079365 0.253968 0.476190
0.079365 0.936508 0.253968 0.523810 0.079365 0.253968 0.476190
0.079365 0.587302 0.682540 0.523810 0.079365 0.253968 0.476190
0.079365 0.587302 0.253968 0.888889 0.079365 0.253968 0.476190
0.079365 0.587302 0.253968 0.523810 0.031746 0.253968 0.476190
0.079365 0.587302 0.253968 0.523810 0.079365 0.253968 0.079365
0.079365 0.936508 0.682540 0.888889 0.031746 0.238095 0.079365
0.396825 0.587302 0.682540 0.888889 0.031746 0.238095 0.079365
0.396825 0.936508 0.253968 0.888889 0.031746 0.238095 0.079365
0.396825 0.936508 0.682540 0.523810 0.031746 0.238095 0.079365
0.396825 0.936508 0.682540 0.888889 0.079365 0.238095 0.079365
0.396825 0.936508 0.682540 0.888889 0.031746 0.253968 0.079365
0.396825 0.936508 0.682540 0.888889 0.031746 0.238095 0.476190
0.396825 0.936508 0.682540 0.888889 0.031746 0.238095 0.079365
0.111111 0.111111 0.666667 0.492063 0.936508 0.539683 0.126984
0.936508 0.111111 0.666667 0.492063 0.936508 0.539683 0.126984
0.111111 0.111111 0.206349 0.492063 0.936508 0.539683 0.126984
0.111111 0.111111 0.666667 0.920635 0.936508 0.539683 0.126984
0.111111 0.111111 0.666667 0.492063 0.317460 0.539683 0.126984
0.111111 0.111111 0.666667 0.492063 0.936508 0.777778 0.126984
0.111111 0.111111 0.666667 0.492063 0.936508 0.539683 0.174603
0.111111 0.777778 0.206349 0.920635 0.317460 0.777778 0.174603
0.936508 0.111111 0.206349 0.920635 0.317460 0.777778 0.174603
0.936508 0.777778 0.666667 0.920635 0.317460 0.777778 0.174603
0.936508 0.777778 0.206349 0.492063 0.317460 0.777778 0.174603
0.936508 0.777778 0.206349 0.920635 0.936508 0.777778 0.174603
0.936508 0.777778 0.206349 0.920635 0.317460 0.539683 0.174603
0.619048 0.619048 0.714286 1.000000 0.428571 0.031746 0.634921
0.619048 0.619048 0.158730 0.412698 0.428571 0.031746 0.634921
0.619048 0.619048 0.158730 1.000000 0.825397 0.031746 0.634921
0.619048 0.619048 0.158730 1.000000 0.428571 0.269841 0.634921
0.619048 0.269841 0.714286 0.412698 0.825397 0.269841 0.682540
0.428571 0.619048 0.714286 0.412698 0.825397 0.269841 0.682540
0.428571 0.269841 0.158730 0.412698 0.825397 0.269841 0.682540
0.428571 0.269841 0.714286 1.000000 0.825397 0.269841 0.682540
0.428571 0.269841 0.714286 0.412698 0.428571 0.269841 0.682540
0.428571 0.269841 0.714286 0.412698 0.825397 0.031746 0.682540
0.428571 0.269841 0.714286 0.412698 0.825397 0.269841 0.634921
0.428571 0.269841 0.714286 0.412698 0.825397 0.269841 0.682540
0.873016 0.365079 0.920635 0.238095 0.174603 0.285714 0.380952
0.174603 0.365079 0.920635 0.238095 0.174603 0.285714 0.380952
0.873016 0.015873 0.920635 0.238095 0.174603 0.285714 0.380952
0.873016 0.365079 0.968254 0.238095 0.174603 0.285714 0.380952
0.873016 0.365079 0.920635 0.238095 0.571429 0.285714 0.380952
0.873016 0.365079 0.920635 0.238095 0.174603 0.523810 0.380952
0.873016 0.365079 0.920635 0.238095 0.174603 0.285714 0.428571
0.873016 0.015873 0.968254 0.158730 0.571429 0.523810 0.428571
0.174603 0.365079 0.968254 0.158730 0.571429 0.523810 0.428571
0.174603 0.015873 0.920635 0.158730 0.571429 0.523810 0.428571
0.174603 0.015873 0.968254 0.238095 0.571429 0.523810 0.428571
0.174603 0.015873 0.968254 0.158730 0.174603 0.523810 0.428571
0.174603 0.015873 0.968254 0.158730 0.571429 0.285714 0.428571
0.174603 0.015873 0.968254 0.158730 0.571429 0.523810 0.380952
0.174603 0.015873 0.968254 0.158730 0.571429 0.523810 0.428571
0.365079 0.873016 0.412698 0.746032 0.682540 0.793651 0.888889
0.682540 0.873016 0.412698 0.746032 0.682540 0.793651 0.888889
0.365079 0.523810 0.412698 0.746032 0.682540 0.793651 0.888889
0.365079 0.873016 0.460317 0.746032 0.682540 0.793651 0.888889
0.365079 0.873016 0.412698 0.746032 0.063492 0.793651 0.888889
0.365079 0.873016 0.412698 0.746032 0.682540 0.015873 0.888889
0.365079 0.523810 0.460317 0.666667 0.063492 0.015873 0.936508
0.682540 0.873016 0.460317 0.666667 0.063492 0.015873 0.936508
0.682540 0.523810 0.460317 0.746032 0.063492 0.015873 0.936508
0.682540 0.523810 0.460317 0.666667 0.682540 0.015873 0.936508
0.682540 0.523810 0.460317 0.666667 0.063492 0.793651 0.936508
0.682540 0.523810 0.460317 0.666667 0.063492 0.015873 0.888889
0.682540 0.523810 0.460317 0.666667 0.063492 0.015873 0.936508
0.047619 0.492063 0.031746 0.619048 0.555556 0.666667 0.253968
0.492063 0.142857 0.031746 0.619048 0.555556 0.666667 0.253968
0.492063 0.492063 0.587302 0.619048 0.555556 0.666667 0.253968
0.492063 0.492063 0.031746 0.031746 0.555556 0.666667 0.253968
0.492063 0.492063 0.031746 0.619048 0.190476 0.666667 0.253968
0.492063 0.492063 0.031746 0.619048 0.555556 0.650794 0.253968
0.492063 0.492063 0.031746 0.619048 0.555556 0.666667 0.555556
0.492063 0.142857 0.587302 0.031746 0.190476 0.650794 0.555556
0.047619 0.492063 0.587302 0.031746 0.190476 0.650794 0.555556
0.047619 0.142857 0.587302 0.619048 0.190476 0.650794 0.555556
0.047619 0.142857 0.587302 0.031746 0.555556 0.650794 0.555556
0.047619 0.142857 0.587302 0.031746 0.190476 0.666667 0.555556
0.047619 0.142857 0.587302 0.031746 0.190476 0.650794 0.253968
0.047619 0.142857 0.587302 0.031746 0.190476 0.650794 0.555556
0.555556 1.000000 0.539683 0.111111 0.047619 0.158730 0.761905
1.000000 0.650794 0.539683 0.111111 0.047619 0.158730 0.761905
1.000000 1.000000 0.079365 0.111111 0.047619 0.158730 0.761905
1.000000 1.000000 0.539683 0.539683 0.047619 0.158730 0.761905
1.000000 1.000000 0.539683 0.111111 0.047619 0.142857 0.761905
1.000000 1.000000 0.539683 0.111111 0.047619 0.158730 0.047619
1.000000 0.650794 0.079365 0.539683 0.698413 0.142857 0.047619
0.555556 1.000000 0.079365 0.539683 0.698413 0.142857 0.047619
0.555556 0.650794 0.539683 0.539683 0.698413 0.142857 0.047619
0.555556 0.650794 0.079365 0.111111 0.698413 0.142857 0.047619
0.555556 0.650794 0.079365 0.539683 0.047619 0.142857 0.047619
0.555556 0.650794 0.079365 0.539683 0.698413 0.158730 0.047619
0.555556 0.650794 0.079365 0.539683 0.698413 0.142857 0.761905
0.555556 0.650794 0.079365 0.539683 0.698413 0.142857 0.047619
0.746032 0.238095 0.285714 0.873016 0.301587 0.412698 0.000000
0.809524 0.238095 0.285714 0.873016 0.301587 0.412698 0.000000
0.746032 0.904762 0.285714 0.873016 0.301587 0.412698 0.000000
0.746032 0.238095 0.285714 0.793651 0.301587 0.412698 0.000000
0.746032 0.238095 0.285714 0.873016 0.952381 0.412698 0.000000
0.746032 0.238095 0.285714 0.873016 0.301587 0.904762 0.000000
0.746032 0.238095 0.285714 0.873016 0.301587 0.412698 0.809524
0.746032 0.904762 0.333333 0.793651 0.952381 0.904762 0.809524
0.809524 0.904762 0.333333 0.873016 0.952381 0.904762 0.809524
0.809524 0.904762 0.333333 0.793651 0.301587 0.904762 0.809524
0.809524 0.904762 0.333333 0.793651 0.952381 0.412698 0.809524
0.809524 0.904762 0.333333 0.793651 0.952381 0.904762 0.809524
0.238095 0.746032 0.793651 0.365079 0.809524 0.920635 0.507937
0.238095 0.746032 0.841270 0.365079 0.809524 0.920635 0.507937
0.238095 0.746032 0.793651 0.285714 0.809524 0.920635 0.507937
0.238095 0.746032 0.793651 0.365079 0.444444 0.920635 0.507937
0.238095 0.746032 0.793651 0.365079 0.809524 0.396825 0.507937
0.238095 0.746032 0.793651 0.365079 0.809524 0.920635 0.301587
0.238095 0.396825 0.841270 0.285714 0.444444 0.396825 0.301587
0.301587 0.746032 0.841270 0.285714 0.444444 0.396825 0.301587
0.301587 0.396825 0.841270 0.365079 0.444444 0.396825 0.301587
0.301587 0.396825 0.841270 0.285714 0.809524 0.396825 0.301587
0.301587 0.396825 0.841270 0.285714 0.444444 0.920635 0.301587
0.301587 0.396825 0.841270 0.285714 0.444444 0.396825 0.301587
0.174603 0.301587 0.349206 0.047619 0.492063 0.857143 0.317460
0.111111 0.301587 0.349206 0.047619 0.492063 0.857143 0.317460
0.174603 0.206349 0.349206 0.047619 0.492063 0.857143 0.317460
0.174603 0.301587 0.396825 0.047619 0.492063 0.857143 0.317460
0.174603 0.301587 0.349206 0.349206 0.492063 0.857143 0.317460
0.174603 0.301587 0.349206 0.047619 0.253968 0.857143 0.317460
0.174603 0.301587 0.349206 0.047619 0.492063 0.206349 0.317460
0.174603 0.301587 0.349206 0.047619 0.492063 0.857143 0.873016
0.174603 0.206349 0.396825 0.349206 0.253968 0.206349 0.873016
0.111111 0.301587 0.396825 0.349206 0.253968 0.206349 0.873016
0.111111 0.206349 0.396825 0.047619 0.253968 0.206349 0.873016
0.111111 0.206349 0.396825 0.349206 0.253968 0.857143 0.873016
0.111111 0.206349 0.396825 0.349206 0.253968 0.206349 0.317460
0.111111 0.206349 0.396825 0.349206 0.253968 0.206349 0.873016
0.682540 0.809524 0.857143 0.555556 1.000000 0.349206 0.825397
0.619048 0.809524 0.857143 0.555556 1.000000 0.349206 0.825397
0.682540 0.714286 0.857143 0.555556 1.000000 0.349206 0.825397
0.682540 0.809524 0.857143 0.857143 1.000000 0.349206 0.825397
0.682540 0.809524 0.857143 0.555556 0.761905 0.349206 0.825397
0.682540 0.809524 0.857143 0.555556 1.000000 0.714286 0.825397
0.682540 0.809524 0.857143 0.555556 1.000000 0.349206 0.365079
0.682540 0.714286 0.904762 0.857143 0.761905 0.714286 0.365079
0.619048 0.809524 0.904762 0.857143 0.761905 0.714286 0.365079
0.619048 0.714286 0.857143 0.857143 0.761905 0.714286 0.365079
0.619048 0.714286 0.904762 0.857143 1.000000 0.714286 0.365079
0.619048 0.714286 0.904762 0.857143 0.761905 0.349206 0.365079
0.936508 0.047619 0.095238 0.301587 0.746032 0.095238 0.063492
0.873016 0.047619 0.095238 0.301587 0.746032 0.095238 0.063492
0.936508 0.968254 0.095238 0.301587 0.746032 0.095238 0.063492
0.936508 0.047619 0.650794 0.301587 0.746032 0.095238 0.063492
0.936508 0.047619 0.095238 0.603175 0.746032 0.095238 0.063492
0.936508 0.047619 0.095238 0.301587 0.507937 0.095238 0.063492
0.936508 0.047619 0.095238 0.301587 0.746032 0.460317 0.063492
0.936508 0.047619 0.095238 0.301587 0.746032 0.095238 0.619048
0.873016 0.047619 0.650794 0.603175 0.507937 0.460317 0.619048
0.873016 0.968254 0.095238 0.603175 0.507937 0.460317 0.619048
0.873016 0.968254 0.650794 0.301587 0.507937 0.460317 0.619048
0.873016 0.968254 0.650794 0.603175 0.746032 0.460317 0.619048
0.873016 0.968254 0.650794 0.603175 0.507937 0.095238 0.619048
0.873016 0.968254 0.650794 0.603175 0.507937 0.460317 0.063492
0.873016 0.968254 0.650794 0.603175 0.507937 0.460317 0.619048
0.428571 0.555556 0.603175 0.809524 0.238095 0.603175 0.571429
0.365079 0.555556 0.603175 0.809524 0.238095 0.603175 0.571429
0.428571 0.460317 0.603175 0.809524 0.238095 0.603175 0.571429
0.428571 0.555556 0.142857 0.809524 0.238095 0.603175 0.571429
0.428571 0.555556 0.603175 0.095238 0.238095 0.603175 0.571429
0.428571 0.555556 0.603175 0.809524 0.000000 0.603175 0.571429
0.428571 0.555556 0.603175 0.809524 0.238095 0.968254 0.571429
0.428571 0.555556 0.603175 0.809524 0.238095 0.603175 0.111111
0.428571 0.460317 0.142857 0.095238 0.000000 0.968254 0.111111
0.365079 0.460317 0.603175 0.095238 0.000000 0.968254 0.111111
0.365079 0.460317 0.142857 0.809524 0.000000 0.968254 0.111111
0.365079 0.460317 0.142857 0.095238 0.000000 0.968254 0.571429
0.365079 0.460317 0.142857 0.095238 0.000000 0.968254 0.111111
0.301587 0.174603 0.984127 0.936508 0.111111 0.984127 0.190476
1.000000 0.174603 0.984127 0.936508 0.111111 0.984127 0.190476
0.301587 0.841270 0.984127 0.936508 0.111111 0.984127 0.190476
0.301587 0.174603 0.984127 0.730159 0.111111 0.984127 0.190476
0.301587 0.174603 0.984127 0.936508 0.126984 0.984127 0.190476
0.301587 0.174603 0.984127 0.936508 0.111111 0.333333 0.190476
0.301587 0.174603 0.984127 0.936508 0.111111 0.984127 0.492063
0.301587 0.841270 0.777778 0.730159 0.126984 0.333333 0.492063
1.000000 0.174603 0.777778 0.730159 0.126984 0.333333 0.492063
1.000000 0.841270 0.984127 0.730159 0.126984 0.333333 0.492063
1.000000 0.841270 0.777778 0.936508 0.126984 0.333333 0.492063
1.000000 0.841270 0.777778 0.730159 0.111111 0.333333 0.492063
1.000000 0.841270 0.777778 0.730159 0.126984 0.984127 0.492063
1.000000 0.841270 0.777778 0.730159 0.126984 0.333333 0.190476
1.000000 0.841270 0.777778 0.730159 0.126984 0.333333 0.492063
0.809524 0.682540 0.476190 0.428571 0.619048 0.476190 0.698413
0.492063 0.682540 0.476190 0.428571 0.619048 0.476190 0.698413
0.809524 0.333333 0.476190 0.428571 0.619048 0.476190 0.698413
0.809524 0.682540 0.269841 0.428571 0.619048 0.476190 0.698413
0.809524 0.682540 0.476190 0.222222 0.619048 0.476190 0.698413
0.809524 0.682540 0.476190 0.428571 0.634921 0.476190 0.698413
0.809524 0.682540 0.476190 0.428571 0.619048 0.841270 0.698413
0.809524 0.682540 0.476190 0.428571 0.619048 0.476190 1.000000
0.809524 0.333333 0.269841 0.222222 0.634921 0.841270 1.000000
0.492063 0.682540 0.269841 0.222222 0.634921 0.841270 1.000000
0.492063 0.333333 0.476190 0.222222 0.634921 0.841270 1.000000
0.492063 0.333333 0.269841 0.222222 0.619048 0.841270 1.000000
0.492063 0.333333 0.269841 0.222222 0.634921 0.476190 1.000000
0.492063 0.333333 0.269841 0.222222 0.634921 0.841270 0.698413
0.492063 0.333333 0.269841 0.222222 0.634921 0.841270 1.000000
0.555556 0.428571 0.730159 0.682540 0.873016 0.222222 0.444444
0.238095 0.428571 0.730159 0.682540 0.873016 0.222222 0.444444
0.555556 0.079365 0.730159 0.682540 0.873016 0.222222 0.444444
0.555556 0.428571 0.015873 0.682540 0.873016 0.222222 0.444444
0.555556 0.428571 0.730159 0.476190 0.873016 0.222222 0.444444
0.555556 0.428571 0.730159 0.682540 0.873016 0.079365 0.444444
0.555556 0.428571 0.730159 0.682540 0.873016 0.222222 0.238095
0.555556 0.079365 0.015873 0.476190 0.888889 0.079365 0.238095
0.238095 0.428571 0.015873 0.476190 0.888889 0.079365 0.238095
0.238095 0.079365 0.730159 0.476190 0.888889 0.079365 0.238095
0.238095 0.079365 0.015873 0.682540 0.888889 0.079365 0.238095
0.238095 0.079365 0.015873 0.476190 0.888889 0.222222 0.238095
0.238095 0.079365 0.015873 0.476190 0.888889 0.079365 0.444444
0.238095 0.079365 0.015873 0.476190 0.888889 0.079365 0.238095
0.047619 0.936508 0.222222 0.174603 0.365079 0.730159 0.952381
0.746032 0.936508 0.222222 0.174603 0.365079 0.730159 0.952381
0.047619 0.587302 0.222222 0.174603 0.365079 0.730159 0.952381
0.047619 0.936508 0.523810 0.174603 0.365079 0.730159 0.952381
0.047619 0.936508 0.222222 0.984127 0.365079 0.730159 0.952381
0.047619 0.936508 0.222222 0.174603 0.380952 0.730159 0.952381
0.047619 0.936508 0.222222 0.174603 0.365079 0.587302 0.952381
0.047619 0.936508 0.222222 0.174603 0.365079 0.730159 0.746032
0.047619 0.587302 0.523810 0.984127 0.380952 0.587302 0.746032
0.746032 0.936508 0.523810 0.984127 0.380952 0.587302 0.746032
0.746032 0.587302 0.222222 0.984127 0.380952 0.587302 0.746032
0.746032 0.587302 0.523810 0.174603 0.380952 0.587302 0.746032
0.746032 0.587302 0.523810 0.984127 0.365079 0.587302 0.746032
0.746032 0.587302 0.523810 0.984127 0.380952 0.730159 0.746032
0.746032 0.587302 0.523810 0.984127 0.380952 0.587302 0.952381
0.746032 0.587302 0.523810 0.984127 0.380952 0.587302 0.746032
0.031746 0.126984 0.396825 0.349206 0.507937 0.619048 0.396825
0.031746 0.126984 0.063492 0.349206 0.507937 0.619048 0.396825
0.031746 0.126984 0.396825 0.587302 0.507937 0.619048 0.396825
0.031746 0.126984 0.396825 0.349206 0.809524 0.619048 0.396825
0.031746 0.126984 0.396825 0.349206 0.507937 0.619048 0.476190
0.031746 0.253968 0.063492 0.587302 0.809524 0.095238 0.476190
0.603175 0.126984 0.063492 0.587302 0.809524 0.095238 0.476190
0.603175 0.253968 0.063492 0.587302 0.809524 0.619048 0.476190
0.603175 0.253968 0.063492 0.587302 0.809524 0.095238 0.396825
0.603175 0.253968 0.063492 0.587302 0.809524 0.095238 0.476190
0.539683 0.761905 0.904762 0.857143 0.000000 0.111111 0.904762
0.539683 0.634921 0.571429 0.857143 0.000000 0.111111 0.904762
0.539683 0.634921 0.904762 0.079365 0.000000 0.111111 0.904762
0.539683 0.634921 0.904762 0.857143 0.301587 0.111111 0.904762
0.539683 0.634921 0.904762 0.857143 0.000000 0.603175 0.904762
0.539683 0.634921 0.904762 0.857143 0.000000 0.111111 0.984127
0.095238 0.634921 0.571429 0.079365 0.301587 0.603175 0.984127
0.095238 0.761905 0.904762 0.079365 0.301587 0.603175 0.984127
0.095238 0.761905 0.571429 0.857143 0.301587 0.603175 0.984127
0.095238 0.761905 0.571429 0.079365 0.301587 0.111111 0.984127
0.095238 0.761905 0.571429 0.079365 0.301587 0.603175 0.904762
0.095238 0.761905 0.571429 0.079365 0.301587 0.603175 0.984127
0.793651 0.380952 0.142857 0.095238 0.253968 0.365079 0.142857
0.793651 0.507937 0.142857 0.095238 0.253968 0.365079 0.142857
0.793651 0.380952 0.142857 0.095238 0.047619 0.365079 0.142857
0.793651 0.380952 0.142857 0.095238 0.253968 0.349206 0.142857
0.793651 0.380952 0.142857 0.095238 0.253968 0.365079 0.222222
0.349206 0.380952 0.825397 0.333333 0.047619 0.349206 0.222222
0.349206 0.507937 0.142857 0.333333 0.047619 0.349206 0.222222
0.349206 0.507937 0.825397 0.095238 0.047619 0.349206 0.222222
0.349206 0.507937 0.825397 0.333333 0.253968 0.349206 0.222222
0.349206 0.507937 0.825397 0.333333 0.047619 0.365079 0.222222
0.349206 0.507937 0.825397 0.333333 0.047619 0.349206 0.142857
0.349206 0.507937 0.825397 0.333333 0.047619 0.349206 0.222222
0.285714 0.888889 0.650794 0.603175 0.761905 0.873016 0.650794
0.857143 0.888889 0.650794 0.603175 0.761905 0.873016 0.650794
0.285714 0.000000 0.650794 0.603175 0.761905 0.873016 0.650794
0.285714 0.888889 0.317460 0.603175 0.761905 0.873016 0.650794
0.285714 0.888889 0.650794 0.841270 0.761905 0.873016 0.650794
0.285714 0.888889 0.650794 0.603175 0.761905 0.873016 0.730159
0.285714 0.000000 0.317460 0.841270 0.555556 0.857143 0.730159
0.857143 0.888889 0.317460 0.841270 0.555556 0.857143 0.730159
0.857143 0.000000 0.650794 0.841270 0.555556 0.857143 0.730159
0.857143 0.000000 0.317460 0.603175 0.555556 0.857143 0.730159
0.857143 0.000000 0.317460 0.841270 0.761905 0.857143 0.730159
0.857143 0.000000 0.317460 0.841270 0.555556 0.873016 0.730159
0.857143 0.000000 0.317460 0.841270 0.555556 0.857143 0.650794
0.412698 0.253968 0.777778 0.730159 0.888889 0.746032 0.015873
0.476190 0.253968 0.777778 0.730159 0.888889 0.746032 0.015873
0.412698 0.634921 0.777778 0.730159 0.888889 0.746032 0.015873
0.412698 0.253968 0.698413 0.730159 0.888889 0.746032 0.015873
0.412698 0.253968 0.777778 0.460317 0.888889 0.746032 0.015873
0.412698 0.253968 0.777778 0.730159 0.682540 0.746032 0.015873
0.412698 0.253968 0.777778 0.730159 0.888889 0.476190 0.015873
0.412698 0.253968 0.777778 0.730159 0.888889 0.746032 0.857143
0.412698 0.634921 0.698413 0.460317 0.682540 0.476190 0.857143
0.476190 0.253968 0.698413 0.460317 0.682540 0.476190 0.857143
0.476190 0.634921 0.777778 0.460317 0.682540 0.476190 0.857143
0.476190 0.634921 0.698413 0.460317 0.888889 0.476190 0.857143
0.476190 0.634921 0.698413 0.460317 0.682540 0.746032 0.857143
0.476190 0.634921 0.698413 0.460317 0.682540 0.476190 0.857143
0.920635 0.761905 0.269841 0.222222 0.380952 0.238095 0.523810
0.920635 0.126984 0.269841 0.222222 0.380952 0.238095 0.523810
0.920635 0.761905 0.269841 0.968254 0.380952 0.238095 0.523810
0.920635 0.761905 0.269841 0.222222 0.380952 0.984127 0.523810
0.920635 0.761905 0.269841 0.222222 0.380952 0.238095 0.349206
